2044.0
2044.0
2044.0
2044.0
2044.0
2046.0
2051.0
2055.0
2061.0
2063.0
2065.0
2067.0
2068.0
2067.0
2067.0
2064.0
2060.0
2055.0
2052.0
2048.0
2045.0
2045.0
2044.0
2043.0
2044.0
2048.0
2053.0
2058.0
2062.0
2063.0
2065.0
2066.0
2068.0
2067.0
2065.0
2063.0
2059.0
2055.0
2052.0
2048.0
2048.0
2048.0
2046.0
2047.0
2048.0
2049.0
2053.0
2059.0
2063.0
2064.0
2067.0
2069.0
2070.0
2069.0
2065.0
2063.0
2060.0
2057.0
2053.0
2049.0
2046.0
2046.0
2045.0
2045.0
2045.0
2046.0
2052.0
2056.0
2060.0
2061.0
2063.0
2066.0
2067.0
2066.0
2063.0
2059.0
2054.0
2052.0
2049.0
2045.0
2043.0
2041.0
2040.0
2041.0
2041.0
2043.0
2048.0
2053.0
2058.0
2060.0
2063.0
2064.0
2066.0
2065.0
2064.0
2060.0
2057.0
2053.0
2051.0
2048.0
2046.0
2046.0
2047.0
2048.0
2049.0
2051.0
2056.0
2063.0
2067.0
2068.0
2071.0
2072.0
2073.0
2075.0
2073.0
2070.0
2068.0
2063.0
2061.0
2056.0
2054.0
2054.0
2052.0
2052.0
2052.0
2054.0
2058.0
2064.0
2068.0
2071.0
2072.0
2072.0
2073.0
2072.0
2069.0
2065.0
2061.0
2058.0
2054.0
2049.0
2048.0
2046.0
2046.0
2045.0
2045.0
2046.0
2050.0
2053.0
2057.0
2060.0
2061.0
2063.0
2065.0
2065.0
2063.0
2060.0
2057.0
2051.0
2046.0
2044.0
2043.0
2042.0
2042.0
2041.0
2041.0
2043.0
2046.0
2051.0
2056.0
2060.0
2062.0
2064.0
2065.0
2065.0
2063.0
2061.0
2058.0
2055.0
2051.0
2046.0
2043.0
2043.0
2041.0
2041.0
2041.0
2044.0
2049.0
2053.0
2058.0
2060.0
2062.0
2063.0
2064.0
2063.0
2059.0
2057.0
2057.0
2052.0
2050.0
2045.0
2042.0
2042.0
2040.0
2041.0
2041.0
2042.0
2046.0
2052.0
2056.0
2059.0
2060.0
2064.0
2066.0
2066.0
2064.0
2061.0
2058.0
2052.0
2049.0
2045.0
2043.0
2043.0
2042.0
2041.0
2041.0
2042.0
2047.0
2052.0
2056.0
2059.0
2060.0
2063.0
2063.0
2063.0
2061.0
2058.0
2054.0
2049.0
2044.0
2040.0
2037.0
2034.0
2030.0
2026.0
2022.0
2019.0
2019.0
2018.0
2020.0
2020.0
2020.0
2023.0
2024.0
2025.0
2026.0
2026.0
2027.0
2028.0
2028.0
2029.0
2029.0
2032.0
2035.0
2039.0
2048.0
2060.0
2080.0
2107.0
2140.0
2174.0
2210.0
2246.0
2280.0
2311.0
2335.0
2355.0
2373.0
2385.0
2395.0
2402.0
2409.0
2419.0
2426.0
2434.0
2439.0
2443.0
2446.0
2443.0
2435.0
2421.0
2400.0
2375.0
2342.0
2305.0
2264.0
2221.0
2183.0
2146.0
2117.0
2095.0
2080.0
2071.0
2066.0
2060.0
2057.0
2053.0
2055.0
2056.0
2058.0
2058.0
2058.0
2059.0
2057.0
2056.0
2052.0
2045.0
2043.0
2036.0
2030.0
2025.0
2021.0
2020.0
2015.0
2015.0
2013.0
2015.0
2019.0
2023.0
2026.0
2028.0
2030.0
2031.0
2032.0
2032.0
2029.0
2027.0
2024.0
2020.0
2015.0
2010.0
2006.0
2007.0
2008.0
2007.0
2007.0
2009.0
2012.0
2018.0
2020.0
2022.0
2025.0
2029.0
2029.0
2031.0
2029.0
2026.0
2024.0
2021.0
2017.0
2014.0
2011.0
2014.0
2012.0
2012.0
2012.0
2013.0
2018.0
2022.0
2027.0
2031.0
2031.0
2035.0
2038.0
2039.0
2037.0
2033.0
2030.0
2027.0
2023.0
2019.0
2017.0
2018.0
2016.0
2016.0
2016.0
2018.0
2022.0
2026.0
2030.0
2033.0
2035.0
2038.0
2039.0
2040.0
2040.0
2037.0
2035.0
2033.0
2030.0
2025.0
2025.0
2024.0
2023.0
2022.0
2023.0
2025.0
2030.0
2035.0
2040.0
2042.0
2043.0
2044.0
2048.0
2047.0
2046.0
2044.0
2043.0
2038.0
2035.0
2033.0
2033.0
2032.0
2032.0
2031.0
2032.0
2034.0
2040.0
2045.0
2050.0
2053.0
2056.0
2061.0
2060.0
2063.0
2062.0
2061.0
2060.0
2055.0
2050.0
2047.0
2045.0
2046.0
2045.0
2046.0
2045.0
2048.0
2053.0
2057.0
2061.0
2064.0
2067.0
2070.0
2071.0
2071.0
2070.0
2069.0
2067.0
2064.0
2060.0
2056.0
2056.0
2057.0
2055.0
2055.0
2054.0
2056.0
2062.0
2067.0
2072.0
2076.0
2078.0
2080.0
2083.0